1	0	8	115	1	1	0	0	2	1
2	0	2	55	1	5	0	0	1	1
1	0	1	89	1	1	0	0	1	1
1	0	3	73	1	1	0	0	2	1
2	0	3	125	1	1	0	0	1	1
2	0	3	97	1	3	0	0	1	1
1	0	1	95	1	6	0	0	1	1
2	0	2	49	1	2	0	0	1	1
1	0	1	17	1	7	0	1	1	1
2	0	4	51	1	7	0	0	1	1
2	0	3	1	1	7	0	1	1	1
1	1	1	9	1	2	0	0	1	1
1	0	2	43	1	2	0	0	1	1
1	0	1	95	1	2	0	0	1	1
1	0	1	115	1	4	0	1	1	1
2	0	3	19	1	5	0	0	1	1
2	0	2	7	1	5	0	0	1	1
2	0	2	81	1	6	0	0	1	1
1	0	1	89	1	1	0	0	1	1
1	0	1	21	1	2	0	1	1	1
1	0	1	69	1	3	0	1	1	1
1	0	1	101	1	3	0	0	1	1
1	0	1	63	1	4	0	0	1	1
2	0	3	117	1	4	0	0	1	1
1	0	1	33	1	5	0	0	1	1
2	0	3	117	1	7	0	0	1	1
1	0	1	47	1	7	0	1	1	1
1	0	1	123	1	2	0	0	1	1
2	1	2	33	1	5	0	0	1	1
3	0	7	101	1	3	0	0	1	1
1	0	2	89	1	7	0	1	1	1
1	0	1	131	1	6	0	1	1	1
1	0	2	1	1	7	0	0	2	1
3	0	3	31	1	7	0	0	1	1
1	0	1	117	1	1	0	1	1	1
1	0	1	81	1	2	0	0	1	1
2	0	2	125	1	3	0	0	1	1
2	1	3	89	1	4	0	0	1	1
2	0	2	1	1	6	0	1	1	1
1	0	1	85	1	7	0	1	1	1
2	0	3	71	1	6	0	2	2	1
1	0	1	93	1	2	0	0	1	1
4	0	8	103	1	4	0	0	1	1
1	0	2	3	1	5	0	0	1	1
1	0	4	73	1	7	0	0	1	1
2	0	2	97	1	3	0	0	1	1
1	1	1	89	1	2	0	0	1	1
1	0	1	95	1	3	0	0	1	1
1	0	2	97	1	1	0	1	1	1
1	0	1	125	1	4	0	0	1	1
2	0	2	89	1	1	0	0	1	1
4	0	9	97	1	1	0	1	1	1
1	0	1	43	1	2	0	1	1	1
1	1	1	15	1	4	0	0	1	1
1	1	1	89	1	5	0	0	1	1
1	0	2	129	1	2	0	0	1	1
1	0	1	45	1	7	0	1	1	1
2	0	4	97	1	4	0	0	1	1
1	0	1	131	2	6	0	1	1	1
1	1	1	95	2	7	0	0	1	1
2	0	5	21	2	7	0	2	1	1
2	0	2	9	2	1	0	0	1	1
1	0	1	15	2	1	0	0	1	1
1	0	1	71	2	2	0	0	1	1
2	0	3	71	2	3	0	0	1	1
1	0	1	77	2	4	0	0	1	1
2	0	3	97	2	4	0	1	1	1
1	0	1	89	2	6	0	0	1	1
1	0	1	47	2	6	0	1	1	1
1	0	1	65	2	7	0	1	1	1
1	2	1	125	2	1	0	0	1	1
2	0	5	73	2	4	0	0	1	1
1	0	2	97	2	7	0	1	1	1
2	0	4	73	1	2	0	0	1	1
2	0	4	63	1	6	0	0	1	1
1	0	1	73	1	4	0	0	1	1
1	0	1	123	1	5	0	0	1	1
1	0	5	73	1	6	0	0	2	1
1	0	1	125	1	1	0	1	1	1
1	0	1	73	2	7	0	0	1	1
2	0	5	73	2	3	0	0	2	1
2	0	3	3	2	4	0	0	1	1
1	0	1	3	2	5	0	1	1	1
1	0	2	115	2	6	0	1	1	1
1	0	1	73	2	2	0	0	1	1
2	0	4	3	2	2	0	0	1	1
1	0	1	73	2	3	0	0	1	1
1	0	1	43	2	7	0	1	1	1
1	0	2	79	2	7	0	1	1	1
1	0	1	109	2	7	0	0	1	1
1	0	1	21	2	1	0	0	1	1
2	0	2	101	2	2	0	0	2	1
1	0	2	19	2	5	0	0	1	1
1	0	1	97	2	1	0	1	1	1
1	0	2	115	2	1	0	1	1	1
1	0	1	101	2	1	0	1	1	1
1	0	2	9	2	5	0	0	1	1
1	0	1	125	2	4	0	1	1	1
1	0	1	3	2	5	0	1	1	1
1	0	2	43	2	7	0	0	1	1
1	0	1	117	2	1	0	0	1	1
1	0	2	63	2	4	0	1	1	1
4	0	5	21	2	5	0	0	1	1
5	0	8	97	2	5	0	0	1	1
1	0	1	97	3	1	0	1	1	1
2	0	1	103	2	3	0	1	1	1
1	0	1	69	2	2	0	0	1	1
1	0	1	99	2	3	0	1	1	1
2	0	3	105	2	5	0	0	1	1
1	0	1	55	3	1	0	0	1	1
1	0	1	73	3	2	0	0	1	1
2	0	7	121	3	6	0	1	2	1
1	1	1	97	3	1	0	0	1	1
2	0	3	55	3	1	0	1	1	1
1	0	3	7	3	1	0	0	1	1
1	0	1	63	3	1	0	0	1	1
1	0	1	93	3	3	0	0	1	1
1	0	1	91	3	3	0	0	1	1
1	0	1	23	3	4	0	1	1	1
3	0	1	113	3	5	0	0	1	1
2	0	3	93	3	6	0	0	1	1
1	1	1	115	3	1	0	1	2	1
2	0	4	1	3	6	0	0	2	1
1	0	1	73	3	7	0	0	1	1
2	0	5	101	2	3	0	1	1	1
1	0	3	93	3	4	0	1	1	1
1	0	1	101	3	7	0	1	1	1
1	1	2	3	3	1	0	0	1	1
1	0	1	119	3	1	0	1	1	1
2	0	15	97	3	2	0	0	1	1
1	0	2	5	3	2	0	0	1	1
1	0	2	133	3	3	0	0	1	1
1	0	2	111	3	4	0	0	1	1
1	0	1	17	3	4	0	0	1	1
1	1	1	97	3	5	0	0	1	1
2	0	3	117	3	6	0	0	1	1
1	0	2	87	3	7	0	1	1	1
1	0	1	51	3	1	0	0	1	1
1	0	1	127	3	2	0	0	1	1
2	0	3	127	3	2	0	0	2	1
2	0	3	29	3	5	0	0	3	1
1	0	1	91	3	6	0	1	1	1
2	0	5	37	3	6	0	0	2	1
2	0	2	55	3	5	1	0	1	1
2	1	4	73	2	3	0	0	1	1
2	0	4	73	2	5	0	0	1	1
2	0	3	55	3	2	0	0	1	1
2	0	3	23	3	3	0	1	1	1
2	0	2	91	3	5	0	1	1	1
1	0	2	97	3	3	0	0	1	1
1	0	2	73	2	7	0	1	1	1
2	0	5	121	3	3	0	0	1	1
2	0	2	45	3	6	0	1	1	1
1	0	1	97	3	7	0	0	1	1
2	0	3	73	3	6	0	0	1	1
1	2	2	33	3	7	0	0	1	1
1	0	3	101	3	2	0	1	1	1
1	0	2	27	3	2	0	0	1	1
1	0	1	3	3	1	0	0	1	1
1	0	1	103	3	7	0	0	1	1
1	0	1	65	3	1	0	1	1	1
2	0	2	83	3	3	0	1	1	1
1	0	1	89	3	4	0	0	1	1
1	0	1	111	3	5	0	1	1	1
2	0	3	97	3	6	0	1	2	1
2	0	2	89	3	1	0	0	1	1
2	0	3	121	1	3	0	0	1	1
1	0	1	111	3	1	0	0	1	1
2	0	2	131	3	2	0	0	1	1
1	0	3	65	3	3	0	0	1	1
1	0	2	115	3	3	0	0	1	1
4	0	3	39	3	5	0	0	1	1
2	0	6	1	3	7	0	0	1	1
2	0	2	31	3	6	0	0	1	1
2	0	11	3	4	2	0	0	1	1
2	0	3	73	4	3	0	0	1	1
2	0	2	35	4	5	0	0	2	1
2	0	2	23	4	6	0	0	1	1
4	0	6	9	4	6	0	0	2	1
1	0	1	41	4	6	0	0	1	1
3	0	4	97	4	7	0	0	1	1
1	0	1	113	4	7	0	0	1	1
2	0	3	9	4	7	0	0	2	1
1	0	1	49	4	7	0	1	1	1
1	0	1	117	4	7	0	0	1	1
2	0	2	83	4	1	0	0	1	1
1	1	1	97	4	1	0	0	1	1
2	0	3	25	4	2	0	0	1	1
1	0	1	127	4	6	0	0	1	1
1	0	2	65	4	6	0	0	1	1
2	0	2	125	4	6	0	0	1	1
1	0	1	89	4	7	0	0	1	1
1	0	2	1	4	2	0	0	1	1
1	0	1	89	4	3	0	0	1	1
1	0	1	55	4	5	0	0	1	1
1	0	1	51	4	2	0	0	1	1
2	0	4	123	4	6	0	1	2	1
1	0	3	97	4	6	0	0	1	1
2	0	3	55	4	2	0	0	1	1
2	0	3	35	4	5	0	0	1	1
1	0	6	105	2	3	0	0	1	1
1	0	1	73	2	5	0	0	1	1
1	1	1	95	3	7	0	1	1	1
2	0	6	95	4	7	0	0	2	1
2	1	2	73	4	5	0	0	2	1
1	0	5	109	4	4	0	0	2	1
2	0	4	79	4	3	0	0	1	1
1	0	1	11	4	7	0	1	1	1
3	0	3	71	4	2	0	0	1	1
1	0	1	73	4	7	0	0	1	1
1	0	2	21	4	1	0	0	1	1
4	0	5	73	4	3	0	0	1	1
2	1	1	3	4	1	0	0	1	1
2	0	7	59	4	1	0	0	1	1
1	0	2	83	4	1	0	0	1	1
2	0	3	101	4	2	0	0	1	1
1	1	3	117	4	4	0	0	1	1
1	0	1	49	4	5	0	0	1	1
1	0	1	97	4	5	0	1	1	1
1	1	1	115	4	3	0	0	1	1
1	0	3	87	4	6	0	1	1	1
1	1	0	125	4	6	0	0	1	1
1	0	3	53	4	6	0	0	1	1
1	0	1	33	4	7	0	0	1	1
1	0	1	3	4	7	0	1	1	1
1	0	1	23	4	1	0	1	1	1
2	0	2	73	4	3	0	0	1	1
2	0	2	103	4	3	0	1	1	1
3	0	4	69	4	3	0	0	1	1
1	0	1	69	4	4	0	0	1	1
1	0	2	19	4	4	0	0	1	1
2	0	3	45	4	5	0	2	1	1
1	0	1	77	4	5	0	0	1	1
1	1	1	97	4	7	0	1	1	1
2	0	2	97	4	1	0	0	1	1
2	0	3	73	4	1	0	0	1	1
1	0	1	103	4	2	0	0	1	1
1	0	3	3	4	2	0	0	1	1
1	0	2	77	4	2	0	0	1	1
2	0	2	83	4	3	0	0	1	1
2	0	4	57	5	2	0	0	1	1
2	0	2	33	5	5	0	0	1	1
2	0	3	121	5	4	0	1	2	1
1	3	1	101	5	6	0	0	1	1
1	1	1	79	5	7	0	0	1	1
3	0	3	15	5	1	0	1	1	1
1	0	1	77	5	2	0	0	1	1
2	0	4	61	5	3	0	0	1	1
1	0	1	101	5	4	0	0	1	1
2	0	2	71	5	4	0	0	1	1
2	0	3	49	5	6	0	1	1	1
2	0	2	63	5	6	0	0	1	1
2	0	2	89	5	2	0	0	1	1
2	0	2	87	5	7	0	1	1	1
2	0	2	129	5	4	0	0	1	1
2	0	5	125	4	6	0	0	2	1
1	0	2	73	4	3	0	0	1	1
1	1	1	73	4	2	0	0	1	1
1	0	2	73	5	1	0	0	2	1
1	0	4	13	5	5	0	0	1	1
1	0	2	19	5	5	0	1	1	1
2	0	1	125	5	2	0	0	1	1
2	0	3	95	5	3	0	0	1	1
2	0	4	33	5	3	0	0	2	1
2	0	2	27	5	4	0	0	1	1
1	0	1	119	5	6	0	1	1	1
1	1	3	43	5	5	0	0	1	1
1	0	2	121	5	5	0	0	1	1
1	0	1	69	5	2	0	1	1	1
2	0	2	125	5	7	0	0	1	1
2	0	2	3	5	2	0	1	1	1
2	0	3	97	5	3	0	0	1	1
1	0	1	81	5	5	0	0	1	1
1	1	1	97	5	6	0	0	1	1
1	0	1	89	5	6	0	0	1	1
1	0	2	83	5	6	0	0	2	1
1	0	1	15	5	6	0	1	1	1
1	0	1	29	5	7	0	0	1	1
1	0	2	9	5	7	0	0	1	1
6	0	13	89	5	3	0	0	1	1
1	0	1	117	5	6	0	0	1	1
1	0	1	75	6	7	0	1	1	1
2	0	2	51	6	7	0	0	1	1
1	0	1	51	6	1	0	0	1	1
1	0	1	71	5	5	0	0	1	1
2	0	2	73	5	5	0	0	1	1
1	1	1	3	5	3	0	0	1	1
1	0	1	17	5	5	0	0	1	1
1	0	4	127	5	6	0	0	3	1
2	0	2	125	5	6	0	1	1	1
1	1	1	97	6	7	0	0	1	1
1	0	1	25	6	7	0	0	1	1
1	0	2	107	6	7	0	1	2	1
1	0	1	47	6	1	0	1	1	1
1	0	1	69	6	2	0	0	1	1
1	0	1	125	6	2	0	0	1	1
2	0	3	97	6	1	0	1	1	1
2	0	2	69	6	4	0	1	1	1
2	0	4	89	6	5	0	0	1	1
2	0	2	71	6	6	0	0	1	1
2	0	2	97	6	7	0	0	1	1
2	0	3	121	6	7	0	0	1	1
1	0	2	69	6	7	0	0	2	1
1	0	1	3	6	4	0	0	1	1
2	0	2	97	6	4	0	0	1	1
2	0	3	79	6	4	0	0	1	1
1	0	1	31	6	5	0	1	1	1
1	0	1	109	6	6	0	0	1	1
1	0	1	103	6	6	0	0	1	1
2	0	2	83	6	6	0	0	1	1
2	0	2	85	6	1	0	2	1	1
2	0	6	97	6	1	0	0	2	1
1	0	1	19	6	2	0	0	1	1
1	0	1	101	6	7	0	1	1	1
1	0	2	3	6	5	0	1	1	1
1	0	1	71	6	5	0	0	1	1
2	0	3	101	6	1	0	2	1	1
1	0	7	113	6	1	0	0	3	1
1	0	2	73	5	1	0	0	1	1
3	0	4	121	6	2	0	0	2	1
4	0	5	87	6	4	0	0	1	1
2	0	4	25	6	6	0	1	3	1
1	0	1	97	6	7	0	0	1	1
1	0	2	29	6	7	0	1	2	1
1	0	2	85	6	1	0	1	1	1
1	0	1	51	6	1	0	1	1	1
2	0	5	119	6	1	0	0	2	1
1	0	1	73	6	1	0	0	1	1
1	0	1	27	6	7	0	1	1	1
1	0	1	127	6	1	0	0	1	1
2	0	4	73	6	5	0	0	1	1
3	0	5	73	6	1	0	1	3	1
1	0	1	73	6	7	0	0	1	1
2	0	4	21	4	6	0	1	1	1
1	0	1	103	5	5	0	1	1	1
2	0	2	93	6	7	0	0	1	1
1	0	2	49	7	2	0	0	2	1
1	0	3	19	5	6	0	0	3	1
1	0	1	73	5	6	0	0	1	1
1	1	1	125	5	2	0	0	1	1
1	0	2	55	5	5	0	0	1	1
3	0	7	43	6	2	0	0	1	1
1	0	2	35	6	5	0	0	1	1
1	0	2	77	6	6	0	0	2	1
2	0	2	5	6	7	0	0	1	1
2	0	2	3	6	7	0	0	1	1
2	0	3	103	6	3	0	0	1	1
2	0	5	83	6	3	0	0	1	1
1	0	3	5	6	5	0	0	1	1
2	0	6	109	6	6	0	0	2	1
1	0	1	119	6	7	0	0	1	1
1	0	2	107	6	1	0	1	1	1
3	0	6	97	6	7	0	0	1	1
2	0	2	73	6	2	0	0	1	1
2	0	2	103	6	3	0	0	1	1
1	0	2	69	6	3	0	0	1	1
2	0	2	63	6	5	0	0	1	1
1	0	2	51	6	1	0	1	2	1
1	0	1	127	7	2	0	1	1	1
1	0	1	55	7	3	0	0	1	1
1	0	1	71	7	4	0	0	1	1
1	0	1	111	7	5	0	0	1	1
2	1	3	81	7	1	0	0	1	1
1	1	1	97	6	6	0	0	1	1
3	0	3	103	6	4	0	0	1	1
3	0	3	73	6	1	0	0	1	1
2	0	7	59	6	1	0	0	1	1
1	0	1	133	7	2	0	1	1	1
2	0	2	123	7	5	0	0	1	1
2	0	3	25	7	2	0	0	1	1
1	0	1	85	7	4	0	1	1	1
1	1	1	3	7	7	0	1	1	1
1	0	1	101	7	1	0	1	1	1
1	0	1	93	7	2	0	0	1	1
1	0	1	75	7	4	0	1	1	1
1	0	1	97	7	4	0	0	1	1
1	0	1	97	7	5	0	0	1	1
2	0	2	81	7	7	0	0	1	1
2	0	2	97	6	3	0	0	1	1
1	0	1	87	7	1	0	1	1	1
2	0	3	97	6	6	0	0	1	1
1	0	1	21	7	1	0	1	1	1
1	0	2	53	7	2	0	1	1	1
1	0	1	101	7	3	0	1	1	1
1	0	1	121	7	3	0	0	1	1
1	0	1	3	7	5	0	0	1	1
1	0	3	43	7	1	0	0	1	1
1	0	2	69	7	3	0	0	2	1
1	0	1	17	7	3	0	1	1	1
1	0	2	51	7	4	0	0	1	1
1	0	1	43	7	5	0	0	1	1
2	0	2	31	7	5	0	0	1	1
1	0	1	73	7	6	0	0	1	1
1	1	1	103	7	7	0	0	1	1
2	0	3	89	7	7	0	0	1	1
1	0	1	45	7	1	0	0	1	1
2	0	3	81	7	1	0	0	1	1
2	0	4	97	7	2	0	0	1	1
1	0	1	79	7	2	0	1	1	1
1	0	1	51	7	4	0	0	1	1
1	0	1	45	7	5	0	1	1	1
1	0	1	73	7	3	0	0	1	1
1	0	2	21	8	2	0	1	1	1
2	0	2	121	7	6	0	0	1	1
2	0	3	85	7	6	0	1	1	1
2	0	2	73	7	4	0	0	1	1
2	0	6	131	8	3	0	0	1	1
2	0	3	117	7	1	0	0	1	1
1	0	6	53	7	2	0	1	1	1
1	0	1	49	7	3	0	1	1	1
1	0	2	127	7	4	0	0	1	1
1	0	1	51	7	6	0	1	1	1
1	0	2	115	7	6	0	1	1	1
1	0	2	3	7	7	0	1	1	1
2	0	2	121	7	1	0	0	2	1
3	0	6	125	7	3	0	1	1	1
1	0	1	73	7	4	0	0	1	1
1	0	1	127	8	5	0	0	1	1
2	0	2	35	8	6	0	0	1	1
2	0	2	111	8	6	0	0	1	1
1	0	3	89	8	7	0	1	1	1
2	0	2	95	8	1	0	1	1	1
1	0	1	65	8	2	0	0	1	1
1	0	1	51	8	2	0	0	1	1
2	1	3	73	6	7	0	1	1	1
3	0	4	73	6	7	0	1	1	1
2	0	2	125	8	2	0	0	1	1
1	0	1	77	8	4	0	1	1	1
2	0	2	111	7	2	0	0	1	1
1	0	1	89	8	1	0	0	1	1
5	0	9	125	8	4	0	0	1	1
2	0	3	21	8	5	0	0	1	1
1	1	1	1	8	7	0	0	1	1
2	0	3	51	8	3	0	0	1	1
3	0	6	111	8	5	0	0	1	1
2	0	2	113	8	4	0	0	1	1
2	0	5	3	2	6	0	0	2	1
1	0	1	83	8	7	0	0	1	1
1	0	2	17	8	1	0	1	1	1
3	0	3	81	8	2	0	1	1	1
2	0	5	43	8	3	0	0	1	1
1	0	1	11	8	1	0	1	1	1
1	0	1	13	8	1	0	1	1	1
1	0	1	97	8	2	0	0	1	1
1	0	4	73	8	4	0	0	1	1
1	0	1	39	8	1	0	1	1	1
2	0	2	73	8	6	0	1	1	1
1	0	2	11	8	5	0	1	1	1
1	0	1	123	8	6	0	0	1	1
2	0	2	49	2	6	0	0	1	1
1	0	1	73	8	5	0	0	1	1
1	0	1	33	8	2	0	0	1	1
3	0	3	89	8	3	0	0	1	1
2	0	2	113	8	5	0	0	1	1
2	0	2	115	8	6	1	0	1	1
2	0	4	59	8	6	0	0	1	1
1	0	1	97	8	6	0	0	1	1
3	0	1	73	8	6	0	0	1	1
2	0	2	3	8	5	0	0	1	1
1	0	3	49	8	6	0	0	2	1
2	0	3	17	9	1	0	0	1	1
2	0	3	91	9	1	0	0	2	1
1	1	1	83	9	2	0	0	1	1
1	0	1	101	9	3	0	0	1	1
2	0	2	83	9	3	0	0	1	1
1	0	2	49	9	4	0	0	1	1
1	0	1	73	9	4	0	0	1	1
1	0	1	3	9	7	0	1	1	1
1	0	2	11	9	1	0	0	1	1
2	0	2	21	9	6	0	0	1	1
1	0	1	117	9	7	0	0	1	1
1	0	1	37	9	2	0	0	1	1
2	0	3	107	9	2	0	0	1	1
1	0	1	21	9	4	0	0	1	1
1	0	1	89	9	4	0	0	1	1
2	0	2	101	9	4	0	0	1	1
2	0	2	43	9	7	0	0	1	1
1	0	1	53	9	7	0	1	1	1
1	0	1	15	9	2	0	0	1	1
2	0	2	73	8	1	0	1	1	1
1	0	1	73	8	7	0	1	1	1
1	0	2	73	9	1	0	1	1	1
2	0	2	15	9	7	0	0	1	1
1	0	1	3	9	7	0	0	1	1
1	0	1	81	10	3	0	1	1	1
1	0	1	101	7	4	0	1	1	1
2	0	4	73	8	5	0	0	1	1
1	0	2	81	8	1	0	1	1	1
2	0	2	9	9	1	0	1	1	1
1	0	1	49	9	2	0	1	1	1
1	1	1	97	9	3	0	0	1	1
1	0	1	127	9	1	0	1	1	1
1	0	1	9	9	1	0	0	1	1
1	0	1	127	9	3	0	1	1	1
2	0	3	73	9	2	0	0	2	1
3	0	4	97	9	4	0	0	1	1
1	0	4	117	9	6	0	0	1	1
1	0	1	77	9	6	0	0	1	1
2	0	3	117	9	7	0	0	1	1
1	0	1	103	9	1	0	1	1	1
1	1	1	97	9	2	0	0	1	1
2	0	2	19	9	2	0	0	1	1
2	0	2	125	9	2	0	0	1	1
2	0	2	13	9	3	0	1	1	1
2	0	2	3	9	3	0	0	1	1
1	0	1	97	9	5	0	0	1	1
2	0	3	3	9	6	0	0	1	1
1	0	6	115	9	7	0	0	1	1
1	0	1	121	9	1	0	1	1	1
1	0	1	101	9	3	0	0	1	1
4	0	4	83	9	4	0	0	2	1
1	0	2	73	7	7	0	0	1	1
2	0	4	21	9	2	0	0	1	1
2	0	2	97	9	4	0	0	1	1
2	0	2	111	9	2	0	0	1	1
2	0	2	125	9	1	0	0	1	1
2	1	2	3	9	2	0	0	1	1
4	0	5	83	9	4	0	2	1	1
2	0	2	117	9	5	0	0	1	1
1	0	1	113	9	1	0	0	1	1
2	0	3	7	9	6	0	1	1	1
2	0	2	47	9	6	0	0	1	1
2	0	3	97	9	7	0	1	1	1
3	0	4	47	9	7	0	1	1	1
2	0	2	25	9	2	0	0	1	1
1	0	1	35	10	3	0	0	1	1
1	1	1	97	10	4	0	0	1	1
1	0	1	121	10	1	0	1	1	1
1	0	2	55	10	4	0	0	1	1
1	0	1	97	10	6	0	0	1	1
1	0	1	3	10	3	0	0	1	1
1	0	1	45	10	3	0	1	1	1
1	0	1	77	10	4	0	0	1	1
1	0	1	101	10	4	0	0	1	1
1	0	1	79	10	5	0	0	1	1
2	0	3	113	10	6	0	0	1	1
1	0	1	83	10	6	0	0	1	1
2	1	1	23	10	6	0	0	1	1
1	0	1	47	10	7	0	1	1	1
1	0	1	101	10	7	0	1	1	1
1	1	1	103	10	7	0	0	1	1
1	1	1	103	10	7	0	1	1	1
1	0	2	33	10	1	0	0	2	1
1	0	1	85	10	2	0	0	1	1
1	0	1	35	10	2	0	0	1	1
1	0	1	131	10	3	0	0	1	1
1	0	1	45	10	4	0	1	1	1
2	0	2	9	10	5	0	1	1	1
1	0	1	89	10	5	0	0	1	1
2	0	2	97	10	6	0	0	1	1
1	0	1	43	10	7	0	0	1	1
1	1	1	87	10	7	0	0	1	1
1	0	1	85	10	2	0	1	1	1
2	0	2	113	10	4	0	0	1	1
1	1	3	69	10	5	0	0	1	1
1	0	1	121	10	7	0	1	1	1
2	0	2	3	10	5	0	0	1	1
2	0	3	85	10	6	0	1	2	1
2	0	2	79	10	6	0	0	1	1
2	0	2	3	10	1	0	0	1	1
1	0	1	89	10	2	0	0	1	1
2	0	7	3	5	7	0	0	1	1
1	0	1	123	9	2	0	1	1	1
1	0	1	63	9	7	0	1	1	1
4	0	6	101	9	6	0	0	1	1
2	0	3	123	9	5	0	0	1	1
1	1	1	89	9	2	0	0	1	1
1	0	1	3	10	1	0	1	1	1
2	0	4	97	10	2	0	0	1	1
3	0	5	97	10	3	0	0	1	1
1	0	1	103	10	5	0	0	1	1
2	0	1	97	10	6	0	1	1	1
1	0	1	89	10	7	0	0	1	1
1	0	1	65	10	7	0	1	1	1
1	0	1	121	10	7	0	1	1	1
2	0	2	95	10	2	0	0	1	1
1	0	1	47	10	2	0	0	1	1
2	0	4	101	10	4	0	0	1	1
1	0	2	17	10	5	0	0	1	1
1	0	1	97	10	6	0	1	1	1
2	0	3	89	10	6	0	1	2	1
1	0	3	89	10	7	0	0	1	1
1	0	1	17	10	7	0	1	1	1
1	0	1	49	10	7	0	1	1	1
1	0	1	73	10	1	0	0	1	1
1	0	1	55	10	2	0	0	1	1
1	0	1	103	10	2	0	0	1	1
1	0	2	117	10	2	0	0	1	1
1	0	1	57	10	6	0	0	1	1
1	0	1	115	10	3	0	0	1	1
2	0	4	77	10	4	0	0	1	1
2	0	3	101	10	4	0	0	1	1
3	0	6	73	10	5	0	0	2	1
2	0	1	73	10	1	0	0	1	1
2	0	4	73	10	5	0	0	1	1
2	0	4	133	10	2	0	0	1	1
2	0	2	127	10	5	0	0	1	1
2	0	2	109	10	3	0	0	1	1
2	2	1	101	10	6	0	1	1	1
1	0	1	41	10	7	0	0	1	1
2	0	3	101	10	1	0	1	1	1
1	1	2	101	10	3	0	0	1	1
2	0	2	83	10	3	0	1	2	1
1	0	1	9	10	4	0	0	1	1
2	0	4	115	10	4	0	1	1	1
1	1	4	97	10	5	0	1	1	1
2	0	2	113	11	4	0	0	1	1
1	0	1	19	11	3	0	0	1	1
1	0	2	33	11	7	0	1	1	1
1	0	1	73	11	1	0	0	1	1
1	0	1	51	11	1	0	0	1	1
1	0	1	81	11	7	0	1	1	1
3	0	3	121	11	6	0	0	1	1
1	0	2	95	11	7	0	0	2	1
2	0	5	45	11	7	0	1	3	1
2	0	3	85	11	1	0	1	1	1
1	0	1	125	11	1	0	1	1	1
2	0	1	19	11	1	0	0	1	1
1	1	1	117	11	3	0	0	1	1
1	1	1	97	11	3	0	0	1	1
1	0	1	117	11	3	0	0	1	1
2	1	1	73	11	4	0	0	1	1
1	0	1	121	11	4	0	0	1	1
1	0	1	55	11	6	0	1	1	1
1	0	1	101	11	7	0	0	1	1
1	0	2	1	11	1	0	1	1	1
1	0	1	97	11	1	0	0	1	1
1	0	1	3	11	2	0	1	1	1
2	0	6	75	11	2	0	0	1	1
2	0	4	119	11	5	0	0	1	1
2	0	3	25	11	4	0	0	1	1
2	0	3	89	11	1	0	0	1	1
1	0	1	123	10	7	0	0	1	1
1	0	1	87	10	2	0	1	1	1
2	0	3	97	10	6	0	1	1	1
2	0	2	121	11	5	0	0	1	1
1	0	3	55	11	6	0	0	1	1
1	0	1	39	11	7	0	1	1	1
1	0	1	101	11	1	0	1	1	1
1	0	1	111	11	1	0	0	1	1
1	0	3	73	11	4	0	0	1	1
1	0	1	21	11	4	0	0	1	1
1	0	1	127	11	4	0	0	1	1
1	0	1	7	11	5	0	1	1	1
2	0	2	83	11	5	0	0	1	1
1	1	1	89	11	5	0	1	1	1
1	0	1	43	11	6	0	0	1	1
1	0	1	131	11	7	0	0	1	1
2	0	2	7	11	6	0	0	1	1
1	0	1	19	11	7	0	1	1	1
1	0	1	131	11	1	0	1	1	1
1	0	1	107	11	5	0	1	1	1
1	0	1	121	11	6	0	0	1	1
3	0	1	73	11	7	0	1	1	1
1	0	1	73	11	6	0	0	1	1
1	1	1	71	11	2	0	0	1	1
1	0	3	113	11	6	0	1	2	1
1	0	1	73	11	1	0	0	1	1
2	0	4	81	11	1	0	0	1	1
1	0	1	53	11	7	0	1	1	1
1	0	2	69	11	2	0	0	1	1
2	0	2	3	11	3	0	0	1	1
1	1	1	121	11	3	0	0	1	1
1	0	2	89	11	5	0	0	2	1
1	0	1	23	11	5	0	1	1	1
1	0	1	127	11	6	0	0	1	1
1	0	1	41	11	6	0	1	1	1
1	0	2	1	11	7	0	1	1	1
1	0	4	107	11	7	0	0	3	1
2	0	1	5	11	7	0	1	1	1
2	0	3	57	11	2	0	0	1	1
1	0	2	121	12	1	0	0	1	1
1	0	1	121	12	2	0	0	1	1
1	0	2	127	12	2	0	0	2	1
1	0	1	111	12	4	0	1	1	1
1	0	3	3	12	5	0	0	1	1
1	0	1	29	12	4	0	0	1	1
2	0	2	133	12	3	0	0	1	1
2	0	2	113	11	4	0	0	1	1
2	0	2	77	12	4	0	0	1	1
1	0	2	93	12	1	0	0	2	1
2	0	2	21	12	3	0	0	1	1
1	0	1	49	12	4	0	0	1	1
3	0	6	83	12	5	0	0	1	1
1	1	1	53	12	5	0	0	1	1
2	0	2	15	12	6	0	0	1	1
1	0	1	97	12	7	0	1	1	1
1	0	1	97	12	7	0	0	1	1
1	0	1	21	12	1	0	1	1	1
1	2	1	125	12	1	0	0	1	1
1	0	3	73	12	1	0	1	1	1
1	0	2	47	12	2	0	0	1	1
3	0	4	51	12	2	1	0	1	1
2	0	3	97	12	3	0	1	3	1
2	0	5	69	12	4	0	0	1	1
1	0	1	101	12	6	0	0	1	1
2	0	2	51	12	6	0	0	1	1
1	0	1	83	12	6	0	1	1	1
1	0	1	103	12	7	0	0	1	1
1	0	1	97	12	7	0	0	1	1
2	0	2	73	12	3	0	0	1	1
2	0	6	73	12	7	0	0	1	1
2	1	2	127	12	3	0	0	1	1
1	0	3	3	12	4	0	1	1	1
2	0	2	73	12	4	0	0	1	1
1	0	1	125	12	5	0	0	1	1
1	0	1	53	12	5	0	0	1	1
1	0	5	11	12	6	0	0	3	1
2	0	4	19	12	6	0	0	3	1
1	0	3	73	12	7	0	1	1	1
2	0	2	113	12	7	0	0	1	1
1	0	3	49	12	7	0	1	1	1
1	0	1	73	12	5	0	1	1	1
2	2	4	97	12	7	0	0	1	1
2	0	4	73	12	5	0	0	1	1
2	0	3	95	11	5	0	1	2	1
2	1	2	73	11	7	0	0	1	1
2	0	2	125	12	4	0	0	1	1
1	0	1	121	12	6	0	0	1	1
2	0	3	73	11	7	0	0	2	1
1	0	1	1	8	2	0	1	1	1
1	0	2	43	11	5	0	0	1	1
2	0	3	99	12	3	0	0	1	1
1	0	1	43	12	7	0	1	1	1
2	0	2	9	12	2	0	0	1	1
1	0	2	87	12	7	0	1	1	1
1	1	2	101	12	7	0	0	1	1
1	1	1	53	12	5	0	0	1	1
5	0	12	53	12	1	0	0	2	1
2	0	3	95	12	2	0	0	1	1
1	0	1	17	12	2	0	0	1	1
2	0	4	91	12	2	0	1	1	1
1	0	1	73	5	5	0	0	1	1
2	0	2	89	6	1	0	1	1	1
1	0	6	73	10	7	0	1	1	1
1	0	1	133	12	1	0	0	1	1
2	0	2	73	1	6	0	0	1	1
1	0	2	77	10	7	0	0	1	1
1	0	1	15	11	7	0	0	1	1
1	0	1	105	8	7	0	1	1	1
1	0	1	121	8	7	0	0	1	1
1	0	1	41	9	2	0	0	1	1
2	0	4	3	12	7	0	0	1	1
1	0	1	83	11	7	0	0	1	1
1	1	1	3	12	2	0	0	1	1
2	0	3	101	8	6	0	0	1	1
1	0	4	125	2	7	0	1	1	1
3	0	5	127	5	6	0	0	1	1
1	0	1	113	11	5	0	0	1	1
2	0	2	73	1	5	0	0	1	1
2	0	2	73	5	3	0	1	1	1
1	0	1	125	8	4	0	0	1	1
1	0	1	73	9	7	0	0	1	1
1	1	1	127	9	1	0	0	1	1
3	0	9	73	10	1	0	0	1	1
2	0	2	123	12	4	0	0	1	1
2	0	6	73	12	7	0	0	3	1
2	0	4	15	5	6	0	0	1	1
1	1	1	73	5	5	0	0	1	1
1	0	1	49	10	3	0	1	1	1
2	0	3	83	11	5	0	0	2	1
1	0	1	49	12	7	0	0	1	1
1	0	1	5	12	5	0	0	1	1
1	0	2	61	12	1	0	1	1	1
1	1	1	20	1	3	0	0	1	2
2	0	2	290	1	6	0	0	1	2
2	0	9	170	1	2	0	0	1	2
1	0	1	20	1	4	0	0	1	2
1	1	1	20	1	4	0	0	1	2
2	0	2	90	2	4	0	0	1	2
2	0	2	122	2	5	0	0	1	2
1	0	1	170	3	3	0	0	1	2
2	0	2	170	3	1	0	0	1	2
2	0	2	170	5	2	0	1	1	2
1	0	1	20	5	4	0	0	1	2
2	0	5	122	6	1	0	0	1	2
1	0	3	170	6	6	0	0	1	2
3	0	4	20	7	4	0	0	1	2
1	1	1	270	7	2	0	0	1	2
1	0	2	201	6	5	0	0	1	2
2	0	2	20	7	2	0	0	1	2
2	0	4	20	1	5	0	0	1	2
1	0	2	170	6	3	0	0	1	2
1	0	1	261	7	7	0	1	1	2
1	0	1	70	8	3	0	1	1	2
1	0	1	261	8	4	0	0	1	2
1	2	1	20	8	6	0	1	2	2
1	0	2	20	8	7	0	1	1	2
2	0	4	170	4	1	0	0	2	2
1	0	2	90	5	1	0	0	1	2
1	0	1	240	5	1	0	0	1	2
2	0	9	20	6	1	0	1	1	2
2	0	3	240	7	6	0	0	1	2
1	0	2	188	9	5	0	0	1	2
1	0	1	20	9	3	0	0	1	2
1	0	1	122	10	2	0	1	1	2
1	0	1	90	5	6	0	1	1	2
2	0	2	170	11	7	0	1	1	2
2	0	5	20	2	4	0	0	1	2
1	0	1	150	5	5	0	1	1	2
1	0	3	20	7	6	0	1	1	2
1	0	1	90	8	7	0	1	1	2
1	1	1	20	9	2	0	0	1	2
2	0	2	90	9	2	0	0	1	2
1	0	3	90	10	3	0	0	1	2
1	1	1	20	10	4	0	0	1	2
1	0	1	90	10	7	0	0	1	2
2	0	2	170	12	2	0	0	1	2
1	0	3	68	10	5	0	1	1	2
2	0	2	20	12	7	0	0	1	2
1	0	1	122	12	4	0	1	1	2
1	0	1	50	7	5	0	1	1	2
1	0	1	170	4	4	0	0	1	2
1	0	1	23	1	5	0	0	1	4
1	0	1	13	1	5	0	0	1	4
1	1	8	21	1	6	0	0	1	4
1	1	2	13	1	7	0	0	1	4
2	0	2	3	1	2	0	1	1	4
1	1	1	19	1	2	0	0	1	4
2	0	2	13	1	6	0	0	1	4
2	0	4	17	1	6	0	0	1	4
1	0	2	25	1	6	0	0	2	4
1	1	1	19	1	6	0	0	1	4
2	0	2	13	1	7	0	1	1	4
1	0	1	23	1	1	0	0	1	4
1	0	1	3	1	4	0	0	1	4
1	0	2	25	1	5	0	0	1	4
2	0	3	13	1	7	0	0	1	4
1	0	3	19	1	1	0	0	1	4
1	0	1	5	1	1	0	0	1	4
1	0	5	13	1	1	0	0	2	4
1	0	1	19	1	1	0	1	1	4
2	1	2	27	1	2	0	0	1	4
3	0	5	25	1	3	0	0	1	4
3	0	5	13	1	3	0	1	1	4
1	1	1	15	1	4	0	0	1	4
2	0	2	25	1	7	0	0	2	4
2	0	6	13	1	1	0	0	2	4
1	1	2	27	1	1	0	0	1	4
1	0	1	13	1	2	0	1	1	4
2	0	2	13	1	3	0	0	1	4
1	0	1	21	1	1	0	0	1	4
1	0	2	19	1	5	0	1	1	4
1	0	1	21	1	6	0	1	1	4
1	0	1	17	1	4	0	0	1	4
1	1	1	13	1	6	0	1	1	4
3	0	4	13	1	7	0	0	1	4
2	0	1	1	1	3	0	0	1	4
1	0	7	17	1	4	0	0	1	4
1	1	1	13	1	5	0	0	1	4
1	0	1	13	1	1	0	1	1	4
2	0	5	27	1	6	0	0	1	4
1	1	2	13	1	4	0	0	1	4
2	1	6	13	1	6	0	0	1	4
1	0	2	13	1	6	0	0	1	4
2	0	2	13	1	7	0	0	1	4
2	0	4	13	1	3	0	0	1	4
2	0	3	13	1	3	0	0	1	4
1	0	6	1	1	4	0	1	1	4
3	0	4	13	1	7	0	0	1	4
1	1	1	1	1	7	0	0	1	4
1	0	1	13	1	7	0	0	1	4
1	0	1	13	1	1	0	1	1	4
4	0	9	13	1	1	0	0	2	4
4	0	11	19	1	1	0	1	1	4
2	1	2	13	1	2	0	0	1	4
2	0	2	13	1	4	0	0	1	4
2	0	2	13	1	3	0	0	1	4
1	0	2	13	2	6	0	0	1	4
4	0	8	3	2	6	0	0	1	4
2	0	4	13	2	6	0	0	1	4
1	1	2	19	2	6	0	0	1	4
1	0	1	13	2	7	0	1	1	4
1	0	1	5	2	7	0	0	1	4
1	1	1	13	2	2	0	0	1	4
2	0	3	19	2	1	0	0	1	4
1	1	1	21	2	4	0	0	1	4
2	0	7	21	2	4	0	1	1	4
2	0	3	19	2	4	0	0	1	4
1	0	1	1	2	5	0	0	1	4
1	1	5	19	2	7	0	0	1	4
1	0	1	13	2	1	0	0	1	4
1	0	2	17	2	2	0	0	1	4
3	0	6	13	2	2	0	0	1	4
1	1	1	19	2	2	0	0	1	4
1	1	0	15	2	6	0	0	1	4
1	0	1	15	2	7	0	1	1	4
2	0	2	13	2	1	0	0	1	4
2	0	3	19	2	1	0	1	1	4
1	0	1	15	2	2	0	0	1	4
2	0	2	13	2	3	0	0	1	4
1	0	1	1	2	7	0	1	1	4
1	0	4	13	2	1	0	0	1	4
2	0	2	19	2	1	0	1	1	4
1	0	1	5	2	4	0	1	1	4
6	0	7	13	2	5	0	0	1	4
1	0	1	19	2	7	0	1	1	4
2	0	2	25	2	4	0	0	1	4
1	0	2	19	2	2	0	0	1	4
1	1	1	13	2	4	0	0	1	4
1	0	1	21	2	4	0	0	1	4
1	1	1	7	2	6	0	0	1	4
1	0	1	7	2	6	0	0	1	4
2	0	2	13	3	6	0	1	1	4
1	0	1	13	3	1	0	0	1	4
1	0	1	17	3	1	0	0	1	4
2	1	3	15	3	2	0	0	1	4
2	0	2	21	3	4	0	0	1	4
1	1	2	15	3	4	0	0	1	4
1	0	1	5	3	7	0	1	1	4
1	0	3	19	3	1	0	1	1	4
1	1	1	15	3	2	0	0	1	4
3	0	5	13	3	2	0	0	1	4
1	1	1	19	3	3	0	0	1	4
4	0	6	13	3	5	0	0	1	4
1	1	2	19	3	1	0	0	1	4
1	0	1	19	3	1	0	1	1	4
1	0	1	7	3	5	0	0	1	4
3	0	7	25	3	7	0	0	1	4
1	0	1	25	3	7	0	0	1	4
2	0	2	25	3	2	0	0	1	4
1	0	1	15	3	2	0	0	1	4
1	0	4	5	3	3	0	1	1	4
1	0	1	5	3	3	0	0	1	4
2	0	2	19	3	4	0	0	1	4
1	0	1	13	3	4	0	1	1	4
2	0	2	15	3	6	0	0	1	4
1	0	1	19	3	6	0	0	1	4
1	0	3	7	3	7	0	0	1	4
1	0	1	5	3	1	0	0	1	4
1	0	1	13	3	1	0	1	1	4
2	0	2	13	2	6	0	0	1	4
1	0	1	13	2	7	0	1	1	4
1	1	4	13	2	7	0	0	1	4
1	1	1	17	2	7	0	0	1	4
1	0	2	5	2	2	0	0	1	4
2	0	3	5	2	4	0	0	1	4
1	0	2	21	2	2	0	0	1	4
1	1	1	13	2	4	0	0	1	4
1	0	1	13	2	5	0	0	1	4
2	0	2	13	2	6	0	0	1	4
1	0	1	5	2	7	0	0	1	4
2	0	3	13	2	7	0	0	1	4
1	0	2	13	2	5	0	1	1	4
1	0	1	13	2	4	0	0	1	4
2	0	2	19	2	4	0	0	1	4
1	1	1	13	2	3	0	0	1	4
1	0	1	13	3	3	0	1	1	4
1	1	1	13	3	6	0	0	1	4
1	0	1	13	1	5	0	0	1	4
1	1	4	13	2	1	0	0	1	4
2	0	2	12	3	2	0	0	1	4
1	0	2	13	3	2	0	0	1	4
3	0	8	13	3	1	0	1	1	4
1	0	1	25	3	5	0	0	1	4
1	0	1	13	3	1	0	1	1	4
1	0	2	5	3	1	0	0	1	4
2	0	3	19	3	7	0	0	1	4
2	0	4	13	3	3	0	1	1	4
1	0	4	27	3	4	0	1	1	4
1	0	2	15	3	2	0	0	2	4
1	0	1	13	3	2	0	0	1	4
2	0	2	13	3	4	0	0	1	4
1	1	3	7	3	6	0	0	1	4
1	1	2	19	3	2	0	0	1	4
1	0	1	12	2	7	0	1	1	4
1	0	1	21	2	3	0	0	1	4
2	0	2	7	3	6	0	0	1	4
1	0	1	25	3	1	0	1	1	4
1	1	1	13	3	1	0	0	1	4
1	1	1	13	3	2	0	0	1	4
1	0	1	12	3	2	0	0	1	4
2	0	2	13	3	3	0	0	1	4
1	0	2	5	3	6	0	0	1	4
2	1	2	13	3	6	0	0	1	4
1	1	2	13	3	7	0	0	1	4
2	0	3	13	3	1	0	0	1	4
1	0	1	13	3	5	0	1	1	4
1	1	2	13	3	7	0	0	1	4
1	1	3	13	3	7	0	1	1	4
2	0	4	13	3	1	0	1	1	4
1	1	2	13	3	1	0	0	1	4
1	3	1	13	3	3	0	0	2	4
1	1	1	13	3	5	0	0	1	4
1	0	2	1	3	1	0	0	2	4
1	0	2	13	3	1	0	1	1	4
2	0	6	13	3	1	0	0	1	4
2	1	6	23	3	1	0	0	1	4
2	0	2	13	3	4	0	0	1	4
1	0	4	13	3	5	0	1	1	4
1	1	1	13	2	1	0	0	1	4
1	0	2	13	2	1	0	0	1	4
2	0	4	13	4	3	0	1	2	4
2	0	2	13	4	4	0	0	1	4
1	0	1	13	4	4	0	1	1	4
1	1	1	19	4	5	0	0	1	4
1	0	1	25	4	5	0	0	1	4
